Fecha	Fraude	Incidencias y Fallas
2014-01-01	0,00	0,00
2014-01-02	0,00	0,00
2014-01-03	0,00	0,00
2014-01-06	0,00	0,00
2014-01-07	0,00	0,00
2014-01-08	0,00	0,00
2014-01-09	0,00	0,00
2014-01-10	0,00	0,00
2014-01-13	0,00	0,00
2014-01-14	0,00	0,00
2014-01-15	0,00	0,00
2014-01-16	0,00	0,00
2014-01-17	0,00	0,00
2014-01-20	0,00	0,00
2014-01-21	0,00	0,00
2014-01-22	0,00	0,00
2014-01-23	0,00	0,00
2014-01-24	0,00	0,00
2014-01-27	0,00	0,00
2014-01-28	0,00	0,00
2014-01-29	0,00	0,00
2014-01-30	0,00	0,00
2014-01-31	0,00	0,00
2014-02-03	0,00	0,00
2014-02-04	0,00	0,00
2014-02-05	0,00	0,00
2014-02-06	0,00	0,00
2014-02-07	0,00	0,00
2014-02-10	0,00	0,00
2014-02-11	0,00	0,00
2014-02-12	0,00	0,00
2014-02-13	0,00	0,00
2014-02-14	0,00	0,00
2014-02-17	0,00	0,00
2014-02-18	0,00	0,00
2014-02-19	0,00	0,00
2014-02-20	0,00	0,00
2014-02-21	0,00	0,00
2014-02-24	0,00	0,00
2014-02-25	0,00	0,00
2014-02-26	0,00	0,00
2014-02-27	0,00	0,00
2014-02-28	0,00	0,00
2014-03-03	0,00	0,00
2014-03-04	0,00	0,00
2014-03-05	0,00	0,00
2014-03-06	0,00	0,00
2014-03-07	0,00	0,00
2014-03-10	0,00	0,00
2014-03-11	0,00	0,00
2014-03-12	0,00	0,00
2014-03-13	0,00	0,00
2014-03-14	0,00	0,00
2014-03-17	0,00	0,00
2014-03-18	0,00	0,00
2014-03-19	0,00	0,00
2014-03-20	0,00	0,00
2014-03-21	0,00	0,00
2014-03-24	0,00	0,00
2014-03-25	0,00	0,00
2014-03-26	0,00	0,00
2014-03-27	0,00	0,00
2014-03-28	0,00	0,00
2014-03-31	0,00	0,00
2014-04-01	0,00	0,00
2014-04-02	0,00	0,00
2014-04-03	0,00	0,00
2014-04-04	0,00	0,00
2014-04-07	0,00	0,00
2014-04-08	0,00	0,00
2014-04-09	0,00	0,00
2014-04-10	0,00	0,00
2014-04-11	0,00	0,00
2014-04-14	0,00	0,00
2014-04-15	0,00	0,00
2014-04-16	0,00	0,00
2014-04-17	0,00	0,00
2014-04-18	0,00	0,00
2014-04-21	0,00	0,00
2014-04-22	0,00	0,00
2014-04-23	0,00	0,00
2014-04-24	0,00	0,00
2014-04-25	0,00	0,00
2014-04-28	0,00	0,00
2014-04-29	0,00	0,00
2014-04-30	0,00	0,00
2014-05-01	0,00	0,00
2014-05-02	0,00	0,00
2014-05-05	0,00	0,00
2014-05-06	0,00	0,00
2014-05-07	0,00	0,00
2014-05-08	0,00	0,00
2014-05-09	0,00	0,00
2014-05-12	0,00	0,00
2014-05-13	0,00	0,00
2014-05-14	0,00	0,00
2014-05-15	0,00	0,00
2014-05-16	0,00	0,00
2014-05-19	0,00	0,00
2014-05-20	0,00	0,00
2014-05-21	0,00	0,00
2014-05-22	0,00	0,00
2014-05-23	0,00	0,00
2014-05-26	0,00	0,00
2014-05-27	0,00	0,00
2014-05-28	0,00	0,00
2014-05-29	0,00	0,00
2014-05-30	0,00	0,00
2014-06-02	0,00	0,00
2014-06-03	0,00	0,00
2014-06-04	0,00	0,00
2014-06-05	0,00	0,00
2014-06-06	0,00	0,00
2014-06-09	0,00	0,00
2014-06-10	0,00	0,00
2014-06-11	0,00	0,00
2014-06-12	0,00	0,00
2014-06-13	0,00	0,00
2014-06-16	0,00	0,00
2014-06-17	0,00	0,00
2014-06-18	0,00	0,00
2014-06-19	0,00	0,00
2014-06-20	0,00	0,00
2014-06-23	0,00	0,00
2014-06-24	0,00	0,00
2014-06-25	0,00	0,00
2014-06-26	0,00	0,00
2014-06-27	0,00	0,00
2014-06-30	0,00	0,00
2014-07-01	0,00	0,00
2014-07-02	0,00	0,00
2014-07-03	0,00	0,00
2014-07-04	0,00	0,00
2014-07-07	0,00	0,00
2014-07-08	0,00	0,00
2014-07-09	0,00	0,00
2014-07-10	0,00	0,00
2014-07-11	0,00	0,00
2014-07-14	0,00	0,00
2014-07-15	0,00	0,00
2014-07-16	0,00	0,00
2014-07-17	0,00	0,00
2014-07-18	0,00	0,00
2014-07-21	0,00	0,00
2014-07-22	0,00	0,00
2014-07-23	0,00	0,00
2014-07-24	0,00	0,00
2014-07-25	0,00	0,00
2014-07-28	0,00	0,00
2014-07-29	0,00	0,00
2014-07-30	0,00	0,00
2014-07-31	0,00	0,00
2014-08-01	0,00	0,00
2014-08-04	0,00	0,00
2014-08-05	0,00	0,00
2014-08-06	0,00	0,00
2014-08-07	0,00	0,00
2014-08-08	0,00	0,00
2014-08-11	0,00	0,00
2014-08-12	0,00	0,00
2014-08-13	0,00	0,00
2014-08-14	0,00	0,00
2014-08-15	0,00	0,00
2014-08-18	0,00	0,00
2014-08-19	0,00	0,00
2014-08-20	0,00	0,00
2014-08-21	0,00	0,00
2014-08-22	0,00	0,00
2014-08-25	0,00	0,00
2014-08-26	0,00	0,00
2014-08-27	0,00	0,00
2014-08-28	0,00	0,00
2014-08-29	0,00	0,00
2014-09-01	0,00	0,00
2014-09-02	0,00	0,00
2014-09-03	0,00	0,00
2014-09-04	0,00	0,00
2014-09-05	0,00	0,00
2014-09-08	0,00	0,00
2014-09-09	0,00	0,00
2014-09-10	0,00	0,00
2014-09-11	0,00	0,00
2014-09-12	0,00	0,00
2014-09-15	0,00	0,00
2014-09-16	0,00	0,00
2014-09-17	0,00	0,00
2014-09-18	0,00	0,00
2014-09-19	0,00	0,00
2014-09-22	0,00	0,00
2014-09-23	0,00	0,00
2014-09-24	0,00	0,00
2014-09-25	0,00	0,00
2014-09-26	0,00	0,00
2014-09-29	0,00	0,00
2014-09-30	0,00	0,00
2014-10-01	0,00	0,00
2014-10-02	0,00	0,00
2014-10-03	0,00	0,00
2014-10-06	0,00	0,00
2014-10-07	0,00	0,00
2014-10-08	0,00	0,00
2014-10-09	0,00	0,00
2014-10-10	0,00	0,00
2014-10-13	0,00	0,00
2014-10-14	0,00	0,00
2014-10-15	0,00	0,00
2014-10-16	0,00	0,00
2014-10-17	0,00	0,00
2014-10-20	0,00	0,00
2014-10-21	0,00	0,00
2014-10-22	0,00	0,00
2014-10-23	0,00	0,00
2014-10-24	0,00	0,00
2014-10-27	0,00	0,00
2014-10-28	0,00	0,00
2014-10-29	0,00	0,00
2014-10-30	0,00	0,00
2014-10-31	0,00	0,00
2014-11-03	0,00	0,00
2014-11-04	0,00	0,00
2014-11-05	0,00	0,00
2014-11-06	0,00	0,00
2014-11-07	0,00	0,00
2014-11-10	0,00	0,00
2014-11-11	0,00	0,00
2014-11-12	0,00	0,00
2014-11-13	0,00	0,00
2014-11-14	0,00	0,00
2014-11-17	0,00	0,00
2014-11-18	0,00	0,00
2014-11-19	0,00	0,00
2014-11-20	0,00	0,00
2014-11-21	0,00	0,00
2014-11-24	0,00	0,00
2014-11-25	0,00	0,00
2014-11-26	0,00	0,00
2014-11-27	0,00	0,00
2014-11-28	0,00	0,00
2014-12-01	0,00	0,00
2014-12-02	0,00	0,00
2014-12-03	0,00	0,00
2014-12-04	0,00	0,00
2014-12-05	0,00	0,00
2014-12-08	0,00	0,00
2014-12-09	0,00	0,00
2014-12-10	0,00	0,00
2014-12-11	0,00	0,00
2014-12-12	0,00	0,00
2014-12-15	0,00	0,00
2014-12-16	0,00	0,00
2014-12-17	0,00	0,00
2014-12-18	0,00	0,00
2014-12-19	0,00	0,00
2014-12-22	0,00	0,00
2014-12-23	0,00	0,00
2014-12-24	0,00	0,00
2014-12-25	0,00	0,00
2014-12-26	0,00	0,00
2014-12-29	0,00	0,00
2014-12-30	0,00	0,00
2014-12-31	0,00	0,00
2015-01-01	0,00	0,00
2015-01-02	0,00	0,00
2015-01-05	0,00	0,00
2015-01-06	0,00	0,00
2015-01-07	0,00	0,00
2015-01-08	0,00	0,00
2015-01-09	0,00	0,00
2015-01-12	0,00	0,00
2015-01-13	0,00	0,00
2015-01-14	0,00	0,00
2015-01-15	0,00	0,00
2015-01-16	0,00	0,00
2015-01-19	0,00	0,00
2015-01-20	0,00	0,00
2015-01-21	0,00	0,00
2015-01-22	0,00	0,00
2015-01-23	0,00	0,00
2015-01-26	0,00	0,00
2015-01-27	0,00	0,00
2015-01-28	0,00	0,00
2015-01-29	0,00	0,00
2015-01-30	0,00	0,00
2015-02-02	0,00	0,00
2015-02-03	0,00	0,00
2015-02-04	0,00	0,00
2015-02-05	0,00	0,00
2015-02-06	0,00	0,00
2015-02-09	0,00	0,00
2015-02-10	0,00	0,00
2015-02-11	0,00	0,00
2015-02-12	0,00	0,00
2015-02-13	0,00	0,00
2015-02-16	0,00	0,00
2015-02-17	0,00	0,00
2015-02-18	0,00	0,00
2015-02-19	0,00	0,00
2015-02-20	0,00	0,00
2015-02-23	0,00	0,00
2015-02-24	0,00	0,00
2015-02-25	0,00	0,00
2015-02-26	0,00	0,00
2015-02-27	0,00	0,00
2015-03-02	0,00	0,00
2015-03-03	0,00	0,00
2015-03-04	0,00	0,00
2015-03-05	0,00	0,00
2015-03-06	0,00	0,00
2015-03-09	0,00	0,00
2015-03-10	0,00	0,00
2015-03-11	0,00	0,00
2015-03-12	0,00	0,00
2015-03-13	0,00	0,00
2015-03-16	0,00	0,00
2015-03-17	0,00	0,00
2015-03-18	0,00	0,00
2015-03-19	0,00	0,00
2015-03-20	0,00	0,00
2015-03-23	0,00	0,00
2015-03-24	0,00	0,00
2015-03-25	0,00	0,00
2015-03-26	0,00	0,00
2015-03-27	0,00	0,00
2015-03-30	0,00	0,00
2015-03-31	0,00	0,00
2015-04-01	0,00	0,00
2015-04-02	0,00	0,00
2015-04-03	0,00	0,00
2015-04-06	0,00	0,00
2015-04-07	0,00	0,00
2015-04-08	0,00	0,00
2015-04-09	0,00	0,00
2015-04-10	0,00	0,00
2015-04-13	0,00	0,00
2015-04-14	0,00	0,00
2015-04-15	0,00	0,00
2015-04-16	0,00	0,00
2015-04-17	0,00	0,00
2015-04-20	0,00	0,00
2015-04-21	0,00	0,00
2015-04-22	0,00	0,00
2015-04-23	0,00	0,00
2015-04-24	0,00	0,00
2015-04-27	0,00	0,00
2015-04-28	0,00	0,00
2015-04-29	0,00	0,00
2015-04-30	0,00	0,00
2015-05-01	0,00	0,00
2015-05-04	0,00	0,00
2015-05-05	0,00	0,00
2015-05-06	0,00	0,00
2015-05-07	0,00	0,00
2015-05-08	0,00	0,00
2015-05-11	0,00	0,00
2015-05-12	0,00	0,00
2015-05-13	0,00	0,00
2015-05-14	0,00	0,00
2015-05-15	0,00	0,00
2015-05-18	0,00	0,00
2015-05-19	0,00	0,00
2015-05-20	0,00	0,00
2015-05-21	0,00	0,00
2015-05-22	0,00	0,00
2015-05-25	0,00	0,00
2015-05-26	0,00	0,00
2015-05-27	0,00	0,00
2015-05-28	0,00	0,00
2015-05-29	0,00	0,00
2015-06-01	0,00	0,00
2015-06-02	0,00	0,00
2015-06-03	0,00	0,00
2015-06-04	0,00	0,00
2015-06-05	0,00	0,00
2015-06-08	0,00	0,00
2015-06-09	0,00	0,00
2015-06-10	0,00	0,00
2015-06-11	0,00	0,00
2015-06-12	0,00	0,00
2015-06-15	0,00	0,00
2015-06-16	0,00	0,00
2015-06-17	0,00	0,00
2015-06-18	0,00	0,00
2015-06-19	0,00	0,00
2015-06-22	0,00	0,00
2015-06-23	0,00	0,00
2015-06-24	0,00	0,00
2015-06-25	0,00	0,00
2015-06-26	0,00	0,00
2015-06-29	0,00	0,00
2015-06-30	0,00	0,00
2015-07-01	0,00	0,00
2015-07-02	0,00	0,00
2015-07-03	0,00	0,00
2015-07-06	0,00	0,00
2015-07-07	0,00	0,00
2015-07-08	0,00	0,00
2015-07-09	0,00	0,00
2015-07-10	0,00	0,00
2015-07-13	0,00	0,00
2015-07-14	0,00	0,00
2015-07-15	0,00	0,00
2015-07-16	0,00	0,00
2015-07-17	0,00	0,00
2015-07-20	0,00	0,00
2015-07-21	0,00	0,00
2015-07-22	0,00	0,00
2015-07-23	0,00	0,00
2015-07-24	0,00	0,00
2015-07-27	0,00	0,00
2015-07-28	0,00	0,00
2015-07-29	0,00	0,00
2015-07-30	0,00	0,00
2015-07-31	0,00	0,00
2015-08-03	0,00	0,00
2015-08-04	0,00	0,00
2015-08-05	0,00	0,00
2015-08-06	0,00	0,00
2015-08-07	0,00	0,00
2015-08-10	0,00	0,00
2015-08-11	0,00	0,00
2015-08-12	0,00	0,00
2015-08-13	0,00	0,00
2015-08-14	0,00	0,00
2015-08-17	0,00	0,00
2015-08-18	0,00	0,00
2015-08-19	0,00	0,00
2015-08-20	0,00	0,00
2015-08-21	0,00	0,00
2015-08-24	0,00	0,00
2015-08-25	0,00	0,00
2015-08-26	0,00	0,00
2015-08-27	0,00	0,00
2015-08-28	0,00	0,00
2015-08-31	0,00	0,00
2015-09-01	0,00	0,00
2015-09-02	0,00	0,00
2015-09-03	0,00	0,00
2015-09-04	0,00	0,00
2015-09-07	0,00	0,00
2015-09-08	0,00	0,00
2015-09-09	0,00	0,00
2015-09-10	0,00	0,00
2015-09-11	0,00	0,00
2015-09-14	0,00	0,00
2015-09-15	0,00	0,00
2015-09-16	0,00	0,00
2015-09-17	0,00	0,00
2015-09-18	0,00	0,00
2015-09-21	0,00	0,00
2015-09-22	0,00	0,00
2015-09-23	0,00	0,00
2015-09-24	0,00	0,00
2015-09-25	0,00	0,00
2015-09-28	0,00	0,00
2015-09-29	0,00	0,00
2015-09-30	0,00	0,00
2015-10-01	0,00	0,00
2015-10-02	0,00	0,00
2015-10-05	0,00	0,00
2015-10-06	0,00	0,00
2015-10-07	0,00	0,00
2015-10-08	0,00	0,00
2015-10-09	0,00	0,00
2015-10-12	0,00	0,00
2015-10-13	0,00	0,00
2015-10-14	0,00	0,00
2015-10-15	0,00	0,00
2015-10-16	0,00	0,00
2015-10-19	0,00	0,00
2015-10-20	0,00	0,00
2015-10-21	0,00	0,00
2015-10-22	0,00	0,00
2015-10-23	0,00	0,00
2015-10-26	0,00	0,00
2015-10-27	0,00	0,00
2015-10-28	0,00	0,00
2015-10-29	0,00	0,00
2015-10-30	0,00	0,00
2015-11-02	0,00	0,00
2015-11-03	0,00	0,00
2015-11-04	0,00	0,00
2015-11-05	0,00	0,00
2015-11-06	0,00	0,00
2015-11-09	0,00	0,00
2015-11-10	0,00	0,00
2015-11-11	0,00	0,00
2015-11-12	0,00	0,00
2015-11-13	0,00	0,00
2015-11-16	0,00	0,00
2015-11-17	0,00	0,00
2015-11-18	0,00	0,00
2015-11-19	0,00	0,00
2015-11-20	0,00	0,00
2015-11-23	0,00	0,00
2015-11-24	0,00	0,00
2015-11-25	0,00	0,00
2015-11-26	0,00	0,00
2015-11-27	0,00	0,00
2015-11-30	0,00	0,00
2015-12-01	0,00	0,00
2015-12-02	0,00	0,00
2015-12-03	0,00	0,00
2015-12-04	0,00	0,00
2015-12-07	0,00	0,00
2015-12-08	0,00	0,00
2015-12-09	0,00	0,00
2015-12-10	0,00	0,00
2015-12-11	0,00	0,00
2015-12-14	0,00	0,00
2015-12-15	0,00	0,00
2015-12-16	0,00	0,00
2015-12-17	0,00	0,00
2015-12-18	0,00	0,00
2015-12-21	0,00	0,00
2015-12-22	0,00	0,00
2015-12-23	0,00	0,00
2015-12-24	0,00	0,00
2015-12-25	0,00	0,00
2015-12-28	0,00	0,00
2015-12-29	0,00	0,00
2015-12-30	0,00	0,00
2015-12-31	0,00	0,00
2016-01-01	0,00	0,00
2016-01-04	0,00	0,00
2016-01-05	0,00	0,00
2016-01-06	0,00	0,00
2016-01-07	0,00	0,00
2016-01-08	0,00	0,00
2016-01-11	0,00	0,00
2016-01-12	0,00	0,00
2016-01-13	0,00	0,00
2016-01-14	0,00	0,00
2016-01-15	0,00	0,00
2016-01-18	0,00	0,00
2016-01-19	0,00	0,00
2016-01-20	0,00	0,00
2016-01-21	0,00	0,00
2016-01-22	0,00	0,00
2016-01-25	0,00	0,00
2016-01-26	0,00	0,00
2016-01-27	0,00	0,00
2016-01-28	0,00	0,00
2016-01-29	0,00	0,00
2016-02-01	0,00	0,00
2016-02-02	0,00	0,00
2016-02-03	0,00	0,00
2016-02-04	0,00	0,00
2016-02-05	0,00	0,00
2016-02-08	0,00	0,00
2016-02-09	0,00	0,00
2016-02-10	0,00	0,00
2016-02-11	0,00	0,00
2016-02-12	0,00	0,00
2016-02-15	0,00	0,00
2016-02-16	0,00	0,00
2016-02-17	0,00	0,00
2016-02-18	0,00	0,00
2016-02-19	0,00	0,00
2016-02-22	0,00	0,00
2016-02-23	0,00	0,00
2016-02-24	0,00	0,00
2016-02-25	0,00	0,00
2016-02-26	0,00	0,00
2016-02-29	0,00	0,00
2016-03-01	0,00	0,00
2016-03-02	0,00	0,00
2016-03-03	0,00	0,00
2016-03-04	0,00	0,00
2016-03-07	0,00	0,00
2016-03-08	0,00	0,00
2016-03-09	0,00	0,00
2016-03-10	0,00	0,00
2016-03-11	0,00	0,00
2016-03-14	0,00	0,00
2016-03-15	0,00	0,00
2016-03-16	0,00	0,00
2016-03-17	0,00	0,00
2016-03-18	0,00	0,00
2016-03-21	0,00	0,00
2016-03-22	0,00	0,00
2016-03-23	0,00	0,00
2016-03-24	0,00	0,00
2016-03-25	0,00	0,00
2016-03-28	0,00	0,00
2016-03-29	0,00	0,00
2016-03-30	0,00	0,00
2016-03-31	0,00	0,00
2016-04-01	0,00	0,00
2016-04-04	0,00	0,00
2016-04-05	34,03	0,00
2016-04-06	10,42	0,00
2016-04-07	57,78	0,00
2016-04-08	0,00	0,00
2016-04-11	0,00	0,00
2016-04-12	10,47	0,00
2016-04-13	219,53	0,00
2016-04-14	70,51	0,00
2016-04-15	0,00	0,00
2016-04-18	0,00	0,00
2016-04-19	0,00	0,00
2016-04-20	10,80	0,00
2016-04-21	0,00	0,00
2016-04-22	0,00	0,00
2016-04-25	10,52	0,00
2016-04-26	44,37	0,00
2016-04-27	0,00	0,00
2016-04-28	0,00	0,00
2016-04-29	0,00	0,00
2016-05-02	0,00	0,00
2016-05-03	0,00	0,00
2016-05-04	0,00	0,00
2016-05-05	0,00	0,00
2016-05-06	0,00	0,00
2016-05-09	0,00	0,00
2016-05-10	176,03	0,00
2016-05-11	229,24	0,00
2016-05-12	0,00	0,00
2016-05-13	0,00	0,00
2016-05-16	0,00	0,00
2016-05-17	7,44	0,00
2016-05-18	0,00	0,00
2016-05-19	0,00	0,00
2016-05-20	22,84	0,00
2016-05-23	0,00	0,00
2016-05-24	0,00	0,00
2016-05-25	162,92	0,00
2016-05-26	24,65	0,00
2016-05-27	8,00	0,00
2016-05-30	0,00	0,00
2016-05-31	0,00	0,00
2016-06-01	0,00	0,00
2016-06-02	115,66	0,00
2016-06-03	25,09	0,00
2016-06-06	139,72	0,00
2016-06-07	25,04	0,00
2016-06-08	0,00	0,00
2016-06-09	10,84	0,00
2016-06-10	103,48	0,00
2016-06-13	324,27	0,00
2016-06-14	171,47	0,00
2016-06-15	0,00	0,00
2016-06-16	361,72	0,00
2016-06-17	0,00	0,00
2016-06-20	0,00	0,00
2016-06-21	0,00	0,00
2016-06-22	46,31	0,00
2016-06-23	28,16	0,00
2016-06-24	0,00	0,00
2016-06-27	18,86	0,00
2016-06-28	377,77	0,00
2016-06-29	287,46	0,00
2016-06-30	0,00	0,00
2016-07-01	0,00	0,00
2016-07-04	0,00	0,00
2016-07-05	0,00	0,00
2016-07-06	0,00	0,00
2016-07-07	24,19	0,00
2016-07-08	87,31	0,00
2016-07-11	0,00	0,00
2016-07-12	0,00	0,00
2016-07-13	847,39	0,00
2016-07-14	0,00	0,00
2016-07-15	0,00	0,00
2016-07-18	0,00	0,00
2016-07-19	0,00	0,00
2016-07-20	15,24	0,00
2016-07-21	27,67	0,00
2016-07-22	26,08	0,00
2016-07-25	1,98	0,00
2016-07-26	0,00	0,00
2016-07-27	29,68	0,00
2016-07-28	0,00	0,00
2016-07-29	0,00	0,00
2016-08-01	25,30	0,00
2016-08-02	0,00	0,00
2016-08-03	0,00	0,00
2016-08-04	0,00	0,00
2016-08-05	0,00	0,00
2016-08-08	124,21	0,00
2016-08-09	0,00	0,00
2016-08-10	29,75	0,00
2016-08-11	0,00	0,00
2016-08-12	228,27	0,00
2016-08-15	0,00	0,00
2016-08-16	40,69	0,00
2016-08-17	82,45	0,00
2016-08-18	0,00	0,00
2016-08-19	19,17	0,00
2016-08-22	24,71	0,00
2016-08-23	0,00	0,00
2016-08-24	29,45	0,00
2016-08-25	0,00	0,00
2016-08-26	0,00	0,00
2016-08-29	0,00	0,00
2016-08-30	21,93	0,00
2016-08-31	0,00	0,00
2016-09-01	0,00	0,00
2016-09-02	24,49	0,00
2016-09-05	19,63	0,00
2016-09-06	7,34	0,00
2016-09-07	0,00	0,00
2016-09-08	117,32	0,00
2016-09-09	0,00	0,00
2016-09-12	0,00	0,00
2016-09-13	48,88	0,00
2016-09-14	0,00	0,00
2016-09-15	9,53	0,00
2016-09-16	96,38	0,00
2016-09-19	76,04	0,00
2016-09-20	0,49	0,00
2016-09-21	42,98	0,00
2016-09-22	35,64	0,00
2016-09-23	0,00	0,00
2016-09-26	17,60	0,00
2016-09-27	38,00	0,00
2016-09-28	70,07	0,00
2016-09-29	33,93	0,00
2016-09-30	42,60	0,00
2016-10-03	36,88	0,00
2016-10-04	0,00	0,00
2016-10-05	38,79	0,00
2016-10-06	0,00	0,00
2016-10-07	70,28	0,00
2016-10-10	50,24	0,00
2016-10-11	26,82	0,00
2016-10-12	0,00	0,00
2016-10-13	135,22	0,00
2016-10-14	13,70	0,00
2016-10-17	0,00	0,00
2016-10-18	168,16	0,00
2016-10-19	7,33	0,00
2016-10-20	19,92	0,00
2016-10-21	144,20	0,00
2016-10-24	322,90	0,00
2016-10-25	311,75	0,00
2016-10-26	18,08	0,00
2016-10-27	3,28	0,00
2016-10-28	0,00	0,00
2016-10-31	19,98	0,00
2016-11-01	125,26	0,00
2016-11-02	4,84	0,00
2016-11-03	24,63	0,00
2016-11-04	0,00	0,00
2016-11-07	0,00	0,00
2016-11-08	57,59	0,00
2016-11-09	0,00	0,00
2016-11-10	0,00	0,00
2016-11-11	81,32	0,00
2016-11-14	28,33	0,00
2016-11-15	29,30	0,00
2016-11-16	0,00	0,00
2016-11-17	32,39	0,00
2016-11-18	10,32	0,00
2016-11-21	39,13	0,00
2016-11-22	91,24	0,00
2016-11-23	28,77	0,00
2016-11-24	37,72	0,00
2016-11-25	32,64	0,00
2016-11-28	1,08	0,00
2016-11-29	1,00	0,00
2016-11-30	40,24	0,00
2016-12-01	25,05	0,00
2016-12-02	11,36	0,00
2016-12-05	13,10	0,00
2016-12-06	4,67	0,00
2016-12-07	46,25	0,00
2016-12-08	13,66	0,00
2016-12-09	56,96	0,00
2016-12-12	0,00	0,00
2016-12-13	0,00	0,00
2016-12-14	19,86	0,00
2016-12-15	81,59	0,00
2016-12-16	17,23	0,00
2016-12-19	79,75	0,00
2016-12-20	12,27	0,00
2016-12-21	94,61	0,00
2016-12-22	1,36	0,00
2016-12-23	5,51	0,00
2016-12-26	1,37	0,00
2016-12-27	13,16	0,00
2016-12-28	20,01	0,00
2016-12-29	1,52	0,00
2016-12-30	46,28	0,00
2017-01-02	0,00	0,00
2017-01-03	9,35	0,00
2017-01-04	1,04	0,00
2017-01-05	5,88	0,00
2017-01-06	1,16	0,00
2017-01-09	0,89	0,00
2017-01-10	1,17	0,00
2017-01-11	10,34	0,00
2017-01-12	14,29	0,00
2017-01-13	10,33	0,00
2017-01-16	5,51	0,00
2017-01-17	5,97	0,00
2017-01-18	2,79	0,00
2017-01-19	5,97	0,00
2017-01-20	8,09	0,00
2017-01-23	25,19	0,00
2017-01-24	23,61	0,00
2017-01-25	1,23	0,00
2017-01-26	14,33	0,00
2017-01-27	5,99	0,00
2017-01-30	1,11	0,00
2017-01-31	26,27	0,00
2017-02-01	7,33	0,00
2017-02-02	7,52	0,00
2017-02-03	11,28	0,00
2017-02-06	1,15	0,00
2017-02-07	1,16	0,00
2017-02-08	1,12	0,00
2017-02-09	1,10	0,00
2017-02-10	1,08	0,00
2017-02-13	1,05	0,00
2017-02-14	7,67	0,00
2017-02-15	24,37	0,00
2017-02-16	0,95	0,00
2017-02-17	185,35	0,00
2017-02-20	0,94	0,00
2017-02-21	6,66	0,00
2017-02-22	17,99	0,00
2017-02-23	33,47	0,00
2017-02-24	0,92	0,00
2017-02-27	2,13	0,00
2017-02-28	0,00	0,00
2017-03-01	5,83	0,00
2017-03-02	1,05	0,00
2017-03-03	29,35	0,00
2017-03-06	0,00	0,00
2017-03-07	0,84	0,00
2017-03-08	1,08	0,00
2017-03-09	37,92	0,00
2017-03-10	0,00	0,00
2017-03-13	5,14	0,00
2017-03-14	0,00	0,00
2017-03-15	81,07	0,00
2017-03-16	5,37	0,00
2017-03-17	0,00	0,00
2017-03-20	364,73	0,00
2017-03-21	0,00	0,00
2017-03-22	221,51	0,00
2017-03-23	0,00	0,00
2017-03-24	16,22	0,00
2017-03-27	1,43	0,00
2017-03-28	32,28	0,00
2017-03-29	9,36	0,00
2017-03-30	62,72	0,00
2017-03-31	0,00	0,00
2017-04-03	59,93	0,00
2017-04-04	24,65	0,00
2017-04-05	10,49	0,00
2017-04-06	41,21	0,00
2017-04-07	34,20	0,00
2017-04-10	9,07	0,00
2017-04-11	94,17	0,00
2017-04-12	12,97	0,00
2017-04-13	63,30	0,00
2017-04-14	0,00	0,00
2017-04-17	44,89	0,00
2017-04-18	0,00	0,00
2017-04-19	152,12	0,00
2017-04-20	124,39	0,00
2017-04-21	106,12	0,00
2017-04-24	198,09	0,00
2017-04-25	89,44	0,00
2017-04-26	157,35	0,00
2017-04-27	0,00	0,00
2017-04-28	0,00	0,00
2017-05-01	24,12	0,00
2017-05-02	25,79	0,00
2017-05-03	12,81	0,00
2017-05-04	60,76	0,00
2017-05-05	77,25	0,00
2017-05-08	36,62	0,00
2017-05-09	122,78	0,00
2017-05-10	61,04	0,00
2017-05-11	297,70	0,00
2017-05-12	39,44	0,00
2017-05-15	0,00	0,00
2017-05-16	0,00	0,00
2017-05-17	19,61	0,00
2017-05-18	50,15	0,00
2017-05-19	1,62	0,00
2017-05-22	2,56	0,00
2017-05-23	3,18	0,00
2017-05-24	0,00	0,00
2017-05-25	1,57	0,00
2017-05-26	2,02	0,00
2017-05-29	3,70	0,00
2017-05-30	205,54	0,00
2017-05-31	0,00	0,00
2017-06-01	0,00	0,00
2017-06-02	11,92	0,00
2017-06-05	0,00	0,00
2017-06-06	62,65	0,00
2017-06-07	26,50	0,00
2017-06-08	1,78	0,00
2017-06-09	0,00	0,00
2017-06-12	0,00	0,00
2017-06-13	4,01	0,00
2017-06-14	22,37	0,00
2017-06-15	0,00	0,00
2017-06-16	25,56	0,00
2017-06-19	0,00	0,00
2017-06-20	79,76	0,00
2017-06-21	0,00	0,00
2017-06-22	143,27	0,00
2017-06-23	0,00	0,00
2017-06-26	2,35	0,00
2017-06-27	2,51	0,00
2017-06-28	3,76	0,00
2017-06-29	104,79	0,00
2017-06-30	0,00	0,00
2017-07-03	0,00	0,00
2017-07-04	0,00	0,00
2017-07-05	0,00	0,00
2017-07-06	41,34	0,00
2017-07-07	0,00	0,00
2017-07-10	3,04	0,00
2017-07-11	0,00	0,00
2017-07-12	84,89	0,00
2017-07-13	0,00	0,00
2017-07-14	85,35	0,00
2017-07-17	11,50	0,00
2017-07-18	41,32	0,00
2017-07-19	23,52	0,00
2017-07-20	0,00	0,00
2017-07-21	0,00	0,00
2017-07-24	12,58	0,00
2017-07-25	0,00	0,00
2017-07-26	0,00	0,00
2017-07-27	0,00	0,00
2017-07-28	95,96	0,00
2017-07-31	53,69	0,00
2017-08-01	0,00	0,00
2017-08-02	0,00	0,00
2017-08-03	25,58	0,00
2017-08-04	14,72	0,00
2017-08-07	87,38	0,00
2017-08-08	29,57	0,00
2017-08-09	5,54	0,00
2017-08-10	21,40	0,00
2017-08-11	0,41	0,00
2017-08-14	5,17	0,00
2017-08-15	4,41	0,00
2017-08-16	0,00	0,00
2017-08-17	59,82	0,00
2017-08-18	0,00	0,00
2017-08-21	0,00	0,00
2017-08-22	1,74	0,00
2017-08-23	1,93	0,00
2017-08-24	9,57	0,00
2017-08-25	0,00	0,00
2017-08-28	6,63	0,00
2017-08-29	0,00	0,00
2017-08-30	0,00	0,00
2017-08-31	0,00	0,00
2017-09-01	54,14	0,00
2017-09-04	99,17	0,00
2017-09-05	38,09	0,00
2017-09-06	0,00	0,00
2017-09-07	0,62	0,00
2017-09-08	1,47	0,00
2017-09-11	0,00	0,00
2017-09-12	0,00	0,00
2017-09-13	2,23	0,00
2017-09-14	32,34	0,00
2017-09-15	0,00	0,00
2017-09-18	287,72	0,00
2017-09-19	24,55	0,00
2017-09-20	0,00	0,00
2017-09-21	18,18	0,00
2017-09-22	0,00	0,00
2017-09-25	0,00	0,00
2017-09-26	0,00	0,00
2017-09-27	62,19	0,00
2017-09-28	0,00	0,00
2017-09-29	0,00	0,00
2017-10-02	0,00	0,00
2017-10-03	208,94	0,00
2017-10-04	0,00	0,00
2017-10-05	6,51	0,00
2017-10-06	4,73	0,00
2017-10-09	0,00	0,00
2017-10-10	86,13	0,00
2017-10-11	0,00	0,00
2017-10-12	5,44	0,00
2017-10-13	0,00	0,00
2017-10-16	0,00	0,00
2017-10-17	33,69	0,00
2017-10-18	0,00	0,00
2017-10-19	0,00	0,00
2017-10-20	0,00	0,00
2017-10-23	46,24	0,00
2017-10-24	0,00	0,00
2017-10-25	0,00	0,00
2017-10-26	0,00	0,00
2017-10-27	0,00	0,00
2017-10-30	2,67	0,00
2017-10-31	13,59	0,00
2017-11-01	0,00	0,00
2017-11-02	89,85	0,00
2017-11-03	0,00	0,00
2017-11-06	8,65	0,00
2017-11-07	0,93	0,00
2017-11-08	0,00	0,00
2017-11-09	0,00	0,00
2017-11-10	0,00	0,00
2017-11-13	0,00	0,00
2017-11-14	0,00	0,00
2017-11-15	0,00	0,00
2017-11-16	0,00	0,00
2017-11-17	0,00	0,00
2017-11-20	0,00	0,00
2017-11-21	0,00	0,00
2017-11-22	0,00	0,00
2017-11-23	0,00	0,00
2017-11-24	0,00	0,00
2017-11-27	0,00	0,00
2017-11-28	0,00	0,00
2017-11-29	0,00	0,00
2017-11-30	0,00	0,00
2017-12-01	0,00	0,00
2017-12-04	11,08	0,00
2017-12-05	0,00	0,00
2017-12-06	0,00	0,00
2017-12-07	0,00	0,00
2017-12-08	1,83	0,00
2017-12-11	0,00	0,00
2017-12-12	0,00	0,00
2017-12-13	0,00	0,00
2017-12-14	3,45	0,00
2017-12-15	0,00	0,00
2017-12-18	0,00	0,00
2017-12-19	0,00	0,00
2017-12-20	0,00	0,00
2017-12-21	0,00	0,00
2017-12-22	0,00	0,00
2017-12-25	0,00	0,00
2017-12-26	0,00	0,00
2017-12-27	0,00	0,00
2017-12-28	2,62	0,00
2017-12-29	4,14	0,00
2018-01-01	0,00	0,00
2018-01-02	0,00	0,00
2018-01-03	0,00	0,00
2018-01-04	16,35	0,00
2018-01-05	1,15	0,00
2018-01-08	0,00	0,00
2018-01-09	3,02	0,00
2018-01-10	7,62	0,00
2018-01-11	16,97	0,00
2018-01-12	0,00	0,00
2018-01-15	0,00	0,00
2018-01-16	5,47	0,00
2018-01-17	0,00	0,00
2018-01-18	0,00	0,00
2018-01-19	0,00	0,00
2018-01-22	0,00	0,00
2018-01-23	0,00	0,00
2018-01-24	0,00	0,00
2018-01-25	0,00	0,00
2018-01-26	0,00	0,00
2018-01-29	0,00	0,00
2018-01-30	0,00	0,00
2018-01-31	6,65	0,00
2018-02-01	12,42	0,00
2018-02-02	0,00	0,00
2018-02-05	9,21	0,00
2018-02-06	23,12	0,00
2018-02-07	0,00	0,00
2018-02-08	0,00	0,00
2018-02-09	32,68	0,00
2018-02-12	0,00	0,00
2018-02-13	0,00	0,00
2018-02-14	0,00	0,00
2018-02-15	0,00	0,00
2018-02-16	0,00	0,00
2018-02-19	0,00	0,00
2018-02-20	0,00	0,00
2018-02-21	0,00	0,00
2018-02-22	0,00	0,00
2018-02-23	26,59	0,00
2018-02-26	0,00	0,00
2018-02-27	3,50	0,00
2018-02-28	0,00	0,00
2018-03-01	0,00	0,00
2018-03-02	0,00	0,00
2018-03-05	40,45	0,00
2018-03-06	0,00	0,00
2018-03-07	0,00	0,00
2018-03-08	11,09	0,00
2018-03-09	0,00	0,00
2018-03-12	0,00	0,00
2018-03-13	0,00	0,00
2018-03-14	0,00	0,00
2018-03-15	0,00	0,00
2018-03-16	0,00	0,00
2018-03-19	0,00	0,00
2018-03-20	0,00	0,00
2018-03-21	0,00	0,00
2018-03-22	37,35	0,00
2018-03-23	0,00	0,00
2018-03-26	0,00	0,00
2018-03-27	6,85	0,00
2018-03-28	0,00	0,00
2018-03-29	0,00	0,00
2018-03-30	0,00	0,00
2018-04-02	0,00	0,00
2018-04-03	17,96	0,00
2018-04-04	0,00	0,00
2018-04-05	16,95	0,00
2018-04-06	0,00	0,00
2018-04-09	0,00	0,00
2018-04-10	0,00	0,00
2018-04-11	4,01	0,00
2018-04-12	29,15	0,00
2018-04-13	0,00	0,00
2018-04-16	0,00	0,00
2018-04-17	54,86	0,00
2018-04-18	11,01	0,00
2018-04-19	29,13	0,00
2018-04-20	0,00	0,00
2018-04-23	13,20	0,00
2018-04-24	4,76	0,00
2018-04-25	0,00	0,00
2018-04-26	26,64	0,00
2018-04-27	0,00	0,00
2018-04-30	0,00	0,00
2018-05-01	0,00	0,00
2018-05-02	0,00	0,00
2018-05-03	4,34	0,00
2018-05-04	8,20	0,00
2018-05-07	0,00	0,00
2018-05-08	60,44	0,00
2018-05-09	9,17	0,00
2018-05-10	0,00	0,00
2018-05-11	56,27	0,00
2018-05-14	0,00	0,00
2018-05-15	0,00	0,00
2018-05-16	0,00	0,00
2018-05-17	0,00	0,00
2018-05-18	33,79	0,00
2018-05-21	0,00	0,00
2018-05-22	0,00	0,00
2018-05-23	0,00	0,00
2018-05-24	0,00	0,00
2018-05-25	0,00	0,00
2018-05-28	0,00	0,00
2018-05-29	0,00	0,00
2018-05-30	0,00	0,00
2018-05-31	0,00	0,00
2018-06-01	0,00	0,00
2018-06-04	0,00	0,00
2018-06-05	0,00	0,00
2018-06-06	0,00	0,00
2018-06-07	0,00	0,00
2018-06-08	0,00	0,00
2018-06-11	0,00	0,00
2018-06-12	0,00	0,00
2018-06-13	0,00	0,00
2018-06-14	0,00	0,00
2018-06-15	0,00	0,00
2018-06-18	0,00	0,00
2018-06-19	8,53	0,00
2018-06-20	3,51	0,00
2018-06-21	0,00	0,00
2018-06-22	0,00	0,00
2018-06-25	0,00	0,00
2018-06-26	0,00	0,00
2018-06-27	0,00	0,00
2018-06-28	0,00	0,00
2018-06-29	0,00	0,00
2018-07-02	0,00	0,00
2018-07-03	4,19	0,00
2018-07-04	0,00	0,00
2018-07-05	2,14	0,00
2018-07-06	0,00	0,00
2018-07-09	0,00	0,00
2018-07-10	0,00	0,00
2018-07-11	7,59	0,00
2018-07-12	0,00	0,00
2018-07-13	0,00	0,00
2018-07-16	0,00	0,00
2018-07-17	0,54	0,00
2018-07-18	0,00	0,00
2018-07-19	0,00	0,00
2018-07-20	0,00	0,00
2018-07-23	0,00	0,00
2018-07-24	0,00	0,00
2018-07-25	0,00	0,00
2018-07-26	3,76	0,00
2018-07-27	0,00	0,00
2018-07-30	0,00	0,00
2018-07-31	1,28	0,00
2018-08-01	0,00	0,00
2018-08-02	0,00	0,00
2018-08-03	0,00	0,00
2018-08-06	0,00	0,00
2018-08-07	0,00	0,00
2018-08-08	0,00	0,00
2018-08-09	0,00	0,00
2018-08-10	3,65	0,00
2018-08-13	0,00	0,00
2018-08-14	0,00	0,00
2018-08-15	0,00	0,00
2018-08-16	0,00	0,00
2018-08-17	0,00	0,00
2018-08-20	0,00	0,00
2018-08-21	0,00	0,00
2018-08-22	0,00	0,00
2018-08-23	0,00	0,00
2018-08-24	0,00	0,00
2018-08-27	0,00	0,00
2018-08-28	0,00	0,00
2018-08-29	0,00	0,00
2018-08-30	16,54	0,00
2018-08-31	0,00	0,00
2018-09-03	0,00	0,00
2018-09-04	0,00	0,00
2018-09-05	0,00	0,00
2018-09-06	0,00	0,00
2018-09-07	0,00	0,00
2018-09-10	0,00	0,00
2018-09-11	0,00	0,00
2018-09-12	0,00	0,00
2018-09-13	0,00	0,00
2018-09-14	0,00	0,00
2018-09-17	0,00	0,00
2018-09-18	0,00	0,00
2018-09-19	0,00	0,00
2018-09-20	0,00	0,00
2018-09-21	0,00	0,00
2018-09-24	0,00	0,00
2018-09-25	0,00	0,00
2018-09-26	0,00	0,00
2018-09-27	0,00	0,00
2018-09-28	0,00	0,00
2018-10-01	0,00	0,00
2018-10-02	0,00	0,00
2018-10-03	15,41	0,00
2018-10-04	1,63	0,00
2018-10-05	0,49	0,00
2018-10-08	18,16	0,00
2018-10-09	10,05	0,00
2018-10-10	3,63	0,00
2018-10-11	0,00	0,00
2018-10-12	0,00	0,00
2018-10-15	0,36	0,00
2018-10-16	0,00	0,00
2018-10-17	0,00	0,00
2018-10-18	0,00	0,00
2018-10-19	23,23	0,00
2018-10-22	0,00	0,00
2018-10-23	0,00	0,00
2018-10-24	0,00	0,00
2018-10-25	2,67	0,00
2018-10-26	0,00	0,00
2018-10-29	4,17	0,00
2018-10-30	1,87	0,00
2018-10-31	1,75	0,00
2018-11-01	0,00	0,00
2018-11-02	0,00	0,00
2018-11-05	0,00	0,00
2018-11-06	0,00	0,00
2018-11-07	0,00	0,00
2018-11-08	0,00	0,00
2018-11-09	10,61	0,00
2018-11-12	0,00	0,00
2018-11-13	15,31	0,00
2018-11-14	6,04	0,00
2018-11-15	54,14	0,00
2018-11-16	0,00	0,00
2018-11-19	13,91	0,00
2018-11-20	0,00	0,00
2018-11-21	0,00	0,00
2018-11-22	0,00	0,00
2018-11-23	20,42	0,00
2018-11-26	0,00	0,00
2018-11-27	0,00	0,00
2018-11-28	0,00	0,00
2018-11-29	0,82	0,00
2018-11-30	0,00	0,00
2018-12-03	11,81	0,00
2018-12-04	19,31	0,00
2018-12-05	0,00	0,00
2018-12-06	0,00	0,00
2018-12-07	0,00	0,00
2018-12-10	20,99	0,00
2018-12-11	0,00	0,00
2018-12-12	0,00	0,00
2018-12-13	0,00	0,00
2018-12-14	27,81	0,00
2018-12-17	0,00	0,00
2018-12-18	0,00	0,00
2018-12-19	0,00	0,00
2018-12-20	0,00	0,00
2018-12-21	5,24	0,00
2018-12-24	0,00	0,00
2018-12-25	0,00	0,00
2018-12-26	0,00	0,00
2018-12-27	13,50	0,00
2018-12-28	23,43	0,00
2018-12-31	0,00	0,00
2019-01-01	0,00	1557,60
2019-01-02	0,00	1905,56
2019-01-03	0,00	170074,75
2019-01-04	0,00	1783,08
2019-01-07	0,00	7917,14
2019-01-08	0,00	8039,53
2019-01-09	0,00	749,89
2019-01-10	0,00	0,00
2019-01-11	0,00	0,00
2019-01-14	0,00	0,00
2019-01-15	0,00	48,38
2019-01-16	0,00	0,00
2019-01-17	0,00	0,00
2019-01-18	4,53	0,00
2019-01-21	0,00	0,00
2019-01-22	0,00	0,00
2019-01-23	2,52	0,00
2019-01-24	0,00	0,00
2019-01-25	6,79	0,00
2019-01-28	7,06	0,00
2019-01-29	16,63	0,00
2019-01-30	4,12	0,00
2019-01-31	9,30	0,00
2019-02-01	0,00	0,00
2019-02-04	8,64	0,00
2019-02-05	0,00	0,00
2019-02-06	0,00	0,00
2019-02-07	0,00	0,00
2019-02-08	0,00	0,00
2019-02-11	16,03	0,00
2019-02-12	0,84	0,00
2019-02-13	0,89	0,00
2019-02-14	0,00	0,00
2019-02-15	0,00	0,00
2019-02-18	0,00	0,00
2019-02-19	7,86	0,00
2019-02-20	0,00	0,00
2019-02-21	6,57	0,00
2019-02-22	0,00	0,00
2019-02-25	3,94	0,00
2019-02-26	7,54	0,00
2019-02-27	5,05	0,00
2019-02-28	0,00	0,00
2019-03-01	0,00	0,00
2019-03-04	0,00	0,00
2019-03-05	5,38	0,00
2019-03-06	38,99	0,00
2019-03-07	16,69	0,00
2019-03-08	0,00	0,00
2019-03-11	0,00	0,00
2019-03-12	3,11	0,00
2019-03-13	0,00	0,00
2019-03-14	10,23	0,00
2019-03-15	0,00	0,00
2019-03-18	0,00	0,00
2019-03-19	0,00	0,00
2019-03-20	0,00	0,00
2019-03-21	0,00	0,00
2019-03-22	0,00	0,00
2019-03-25	0,00	0,00
2019-03-26	0,00	0,00
2019-03-27	0,00	0,00
2019-03-28	0,00	0,00
2019-03-29	0,00	0,00
2019-04-01	0,00	285,26
2019-04-02	0,00	285,98
2019-04-03	0,00	0,00
2019-04-04	0,00	0,00
2019-04-05	0,00	0,00
2019-04-08	0,00	0,00
2019-04-09	0,00	0,00
2019-04-10	0,00	0,00
2019-04-11	0,00	0,00
2019-04-12	0,00	0,00
2019-04-15	0,00	0,00
2019-04-16	38,10	0,00
2019-04-17	0,00	0,00
2019-04-18	0,00	0,00
2019-04-19	0,00	0,00
2019-04-22	0,00	0,00
2019-04-23	0,00	0,00
2019-04-24	0,00	0,00
2019-04-25	0,00	0,00
2019-04-26	0,00	0,00
2019-04-29	8,47	0,00
2019-04-30	0,00	0,00
2019-05-01	0,00	0,00
2019-05-02	0,00	0,00
2019-05-03	0,00	0,00
2019-05-06	0,00	0,00
2019-05-07	9,44	0,00
2019-05-08	0,00	0,00
2019-05-09	1,52	0,00
2019-05-10	29,77	0,00
2019-05-13	0,47	0,00
2019-05-14	12,32	0,00
2019-05-15	0,00	0,00
2019-05-16	0,00	0,00
2019-05-17	2,89	0,00
2019-05-20	72,49	0,00
2019-05-21	0,00	0,00
2019-05-22	0,00	0,00
2019-05-23	0,00	0,00
2019-05-24	0,00	0,00
2019-05-27	0,00	0,00
2019-05-28	0,00	0,00
2019-05-29	0,00	0,00
2019-05-30	0,00	0,00
2019-05-31	0,00	0,00
2019-06-03	0,00	0,00
2019-06-04	0,00	0,00
2019-06-05	0,00	0,00
2019-06-06	0,00	0,00
2019-06-07	0,00	0,00
2019-06-10	13,73	0,00
2019-06-11	0,00	0,00
2019-06-12	0,00	0,00
2019-06-13	178,02	0,00
2019-06-14	0,00	0,00
2019-06-17	0,00	0,00
2019-06-18	0,00	0,00
2019-06-19	0,00	0,00
2019-06-20	0,00	0,00
2019-06-21	3,45	0,00
2019-06-24	0,00	0,00
2019-06-25	0,00	0,00
2019-06-26	21,67	0,00
2019-06-27	0,00	0,00
2019-06-28	0,00	0,00
2019-07-01	16,31	0,00
2019-07-02	0,00	0,00
2019-07-03	0,00	0,00
2019-07-04	0,00	0,00
2019-07-05	0,00	0,00
2019-07-08	0,00	0,00
2019-07-09	39,77	0,00
2019-07-10	0,00	0,00
2019-07-11	12,96	0,00
2019-07-12	9,42	0,00
2019-07-15	0,00	0,00
2019-07-16	0,00	0,00
2019-07-17	0,00	0,00
2019-07-18	13,19	0,00
2019-07-19	0,00	0,00
2019-07-22	5,44	0,00
2019-07-23	0,00	0,00
2019-07-24	0,00	0,00
2019-07-25	6,35	0,00
2019-07-26	0,00	0,00
2019-07-29	53,54	0,00
2019-07-30	0,00	0,00
2019-07-31	0,00	0,00
2019-08-01	0,00	0,00
2019-08-02	11,37	0,00
2019-08-05	0,00	0,00
2019-08-06	0,00	0,00
2019-08-07	0,00	0,00
2019-08-08	0,00	0,00
2019-08-09	0,00	0,00
2019-08-12	28,17	0,00
2019-08-13	0,00	0,00
2019-08-14	0,00	0,00
2019-08-15	12,35	0,00
2019-08-16	0,00	0,00
2019-08-19	0,00	0,00
2019-08-20	16,58	0,00
2019-08-21	0,00	0,00
2019-08-22	0,00	0,00
2019-08-23	0,00	0,00
2019-08-26	10,44	0,00
2019-08-27	67,15	0,00
2019-08-28	0,00	0,00
2019-08-29	0,00	0,00
2019-08-30	0,00	0,00
2019-09-02	4,54	0,00
2019-09-03	9,73	0,00
2019-09-04	0,00	0,00
2019-09-05	0,00	0,00
2019-09-06	0,00	0,00
2019-09-09	14,73	0,35
2019-09-10	2,04	0,00
2019-09-11	0,00	0,00
2019-09-12	0,00	0,00
2019-09-13	0,00	0,00
2019-09-16	0,00	0,00
2019-09-17	0,58	0,00
2019-09-18	46,38	0,00
2019-09-19	0,00	0,00
2019-09-20	0,00	0,00
2019-09-23	0,00	0,00
2019-09-24	0,00	0,00
2019-09-25	65,26	0,00
2019-09-26	0,93	0,00
2019-09-27	6,31	0,00
2019-09-30	0,00	0,00
2019-10-01	76,21	0,00
2019-10-02	8,97	0,00
2019-10-03	0,00	0,00
2019-10-04	0,00	0,00
2019-10-07	52,28	0,00
2019-10-08	6,52	0,00
2019-10-09	0,00	0,00
2019-10-10	0,00	0,00
2019-10-11	0,00	0,00
2019-10-14	9,04	0,00
2019-10-15	0,00	0,00
2019-10-16	0,00	0,00
2019-10-17	0,00	0,00
2019-10-18	0,00	0,00
2019-10-21	0,00	0,00
2019-10-22	59,45	0,00
2019-10-23	0,00	0,00
2019-10-24	2,94	0,00
2019-10-25	0,00	0,00
2019-10-28	0,00	0,00
2019-10-29	0,00	0,00
2019-10-30	0,00	0,00
2019-10-31	0,00	0,00
2019-11-01	0,00	0,00
2019-11-04	0,00	0,00
2019-11-05	0,00	0,00
2019-11-06	0,00	0,00
2019-11-07	0,00	0,00
2019-11-08	0,00	0,00
2019-11-11	0,00	0,00
2019-11-12	5,43	0,00
2019-11-13	1,89	0,00
2019-11-14	5,75	0,00
2019-11-15	0,00	0,00
2019-11-18	0,00	0,00
2019-11-19	0,00	0,00
2019-11-20	0,00	0,00
2019-11-21	0,00	0,00
2019-11-22	0,00	0,00
2019-11-25	0,00	0,00
2019-11-26	0,00	0,00
2019-11-27	0,00	0,00
2019-11-28	14,79	0,00
2019-11-29	0,00	0,00
2019-12-02	0,00	0,00
2019-12-03	0,00	0,00
2019-12-04	0,00	0,00
2019-12-05	0,00	0,00
2019-12-06	4,17	0,00
2019-12-09	1,30	0,00
2019-12-10	0,00	0,00
2019-12-11	0,00	0,00
2019-12-12	13,52	0,00
2019-12-13	15,75	0,00
2019-12-16	2,66	0,00
2019-12-17	20,16	0,00
2019-12-18	0,00	0,00
2019-12-19	0,00	0,00
2019-12-20	21,93	0,00
2019-12-23	0,00	0,00
2019-12-24	0,00	0,00
2019-12-25	0,00	0,00
2019-12-26	0,00	0,00
2019-12-27	79,66	0,00
2019-12-30	0,00	0,00
2019-12-31	0,00	0,00
2020-01-01	0,00	18,87
2020-01-02	0,00	365,90
2020-01-03	0,00	5598,14
2020-01-06	0,00	7596,57
2020-01-07	0,00	384,61
2020-01-08	15,52	118,42
2020-01-09	27,33	64043,54
2020-01-10	0,00	0,00
2020-01-13	0,00	0,00
2020-01-14	0,00	0,00
2020-01-15	6,10	0,00
2020-01-16	0,00	0,00
2020-01-17	0,00	181,63
2020-01-20	0,00	0,00
2020-01-21	40,28	0,00
2020-01-22	0,00	0,00
2020-01-23	51,52	0,00
2020-01-24	0,00	0,00
2020-01-27	0,00	0,00
2020-01-28	0,00	0,00
2020-01-29	28,98	0,00
2020-01-30	260,99	0,00
2020-01-31	0,00	0,00
2020-02-03	0,00	511,16
2020-02-04	0,00	99,37
2020-02-05	0,00	163,06
2020-02-06	0,00	317,30
2020-02-07	2,72	942,65
2020-02-10	0,00	0,00
2020-02-11	2,75	0,00
2020-02-12	0,00	0,00
2020-02-13	0,00	0,00
2020-02-14	0,00	0,00
2020-02-17	0,00	0,00
2020-02-18	0,00	0,00
2020-02-19	0,00	0,00
2020-02-20	0,00	0,00
2020-02-21	0,00	0,00
2020-02-24	0,00	0,00
2020-02-25	0,00	0,00
2020-02-26	0,00	0,00
2020-02-27	0,00	0,00
2020-02-28	0,00	0,00
2020-03-02	0,00	734,72
2020-03-03	0,00	387,20
2020-03-04	515,99	610,92
2020-03-05	0,00	3887,23
2020-03-06	0,00	1347,92
2020-03-09	0,00	817,16
2020-03-10	0,00	0,00
2020-03-11	0,00	0,00
2020-03-12	1242,08	0,00
2020-03-13	0,00	0,00
2020-03-16	0,00	0,00
2020-03-17	0,00	0,00
2020-03-18	0,00	0,00
2020-03-19	0,00	0,00
2020-03-20	0,00	0,00
2020-03-23	0,00	0,00
2020-03-24	0,00	0,00
2020-03-25	0,00	0,00
2020-03-26	0,00	0,00
2020-03-27	0,00	0,00
2020-03-30	0,00	42832,15
2020-03-31	0,00	0,00
2020-04-01	0,00	72,43
2020-04-02	0,00	34,15
2020-04-03	0,00	365,54
2020-04-06	0,00	19,83
2020-04-07	0,00	35,73
2020-04-08	0,00	85,33
2020-04-09	0,00	157,95
2020-04-10	0,00	0,00
2020-04-13	0,00	0,00
2020-04-14	0,00	0,00
2020-04-15	0,00	0,00
2020-04-16	0,00	0,00
2020-04-17	0,00	0,00
2020-04-20	0,00	0,00
2020-04-21	0,00	0,00
2020-04-22	0,00	0,00
2020-04-23	0,00	7,88
2020-04-24	0,00	9,63
2020-04-27	0,00	0,00
2020-04-28	0,00	0,00
2020-04-29	0,00	0,00
2020-04-30	0,00	0,00
2020-05-01	0,00	2,56
2020-05-04	0,00	0,00
2020-05-05	0,00	4299,61
2020-05-06	0,00	32,41
2020-05-07	0,00	11,75
2020-05-08	0,00	2771,38
2020-05-11	0,00	0,00
2020-05-12	0,00	0,00
2020-05-13	0,00	0,00
2020-05-14	0,00	0,00
2020-05-15	0,00	0,00
2020-05-18	0,00	0,00
2020-05-19	0,00	0,00
2020-05-20	0,00	0,00
2020-05-21	0,00	0,00
2020-05-22	0,00	0,00
2020-05-25	0,00	0,00
2020-05-26	0,00	0,00
2020-05-27	0,00	21,04
2020-05-28	0,00	2,51
2020-05-29	0,00	0,81
2020-06-01	0,00	14,59
2020-06-02	0,00	115,12
2020-06-03	0,00	21,15
2020-06-04	0,00	0,00
2020-06-05	0,00	13,72
2020-06-08	0,00	6,58
2020-06-09	0,00	30,72
2020-06-10	0,00	0,00
2020-06-11	36,38	0,00
2020-06-12	0,00	0,00
2020-06-15	0,00	0,00
2020-06-16	0,00	0,00
2020-06-17	0,00	0,00
2020-06-18	0,00	0,00
2020-06-19	0,00	0,00
2020-06-22	0,00	0,00
2020-06-23	0,00	0,00
2020-06-24	0,00	0,00
2020-06-25	0,00	0,00
2020-06-26	0,00	0,00
2020-06-29	0,00	0,00
2020-06-30	0,00	0,00
2020-07-01	0,00	14,33
2020-07-02	0,00	49,79
2020-07-03	0,00	10,35
2020-07-06	0,00	27,28
2020-07-07	0,00	4,26
2020-07-08	0,00	2,50
2020-07-09	12,73	19,99
2020-07-10	0,00	0,00
2020-07-13	0,00	0,00
2020-07-14	0,00	0,00
2020-07-15	0,00	0,00
2020-07-16	0,00	0,00
2020-07-17	0,00	0,00
2020-07-20	0,00	0,00
2020-07-21	0,00	0,00
2020-07-22	0,00	0,00
2020-07-23	0,00	0,00
2020-07-24	0,00	0,00
2020-07-27	0,00	0,00
2020-07-28	0,00	0,00
2020-07-29	0,00	0,00
2020-07-30	0,00	0,00
2020-07-31	0,00	0,00
2020-08-03	0,00	6,32
2020-08-04	0,00	0,00
2020-08-05	0,00	9,71
2020-08-06	0,00	5,09
2020-08-07	0,00	1,07
2020-08-10	0,00	0,00
2020-08-11	0,00	0,00
2020-08-12	0,00	0,00
2020-08-13	0,00	12,71
2020-08-14	0,00	1,40
2020-08-17	0,00	25,07
2020-08-18	0,00	0,00
2020-08-19	0,00	0,00
2020-08-20	0,00	0,00
2020-08-21	0,00	0,00
2020-08-24	0,00	0,00
2020-08-25	0,00	0,00
2020-08-26	0,00	0,00
2020-08-27	0,00	0,00
2020-08-28	0,00	0,00
2020-08-31	9,98	0,00
2020-09-01	0,00	13,24
2020-09-02	0,00	1,86
2020-09-03	0,00	17,70
2020-09-04	0,00	0,00
2020-09-07	0,00	4,21
2020-09-08	0,00	7,57
2020-09-09	0,00	7,91
2020-09-10	0,00	87,67
2020-09-11	0,00	7,92
2020-09-14	0,00	0,00
2020-09-15	0,00	0,00
2020-09-16	0,00	0,00
2020-09-17	0,00	0,00
2020-09-18	0,00	26,51
2020-09-21	0,00	54,22
2020-09-22	0,00	0,00
2020-09-23	0,00	0,00
2020-09-24	0,00	0,26
2020-09-25	0,00	0,00
2020-09-28	0,00	2,42
2020-09-29	0,00	0,00
2020-09-30	0,00	0,00
2020-10-01	0,00	0,00
2020-10-02	0,00	0,00
2020-10-05	0,00	0,00
2020-10-06	0,00	0,00
2020-10-07	0,00	0,00
2020-10-08	0,00	0,00
2020-10-09	0,00	0,00
2020-10-12	0,00	0,00
2020-10-13	0,00	0,00
2020-10-14	0,00	0,00
2020-10-15	0,00	0,00
2020-10-16	0,00	0,00
2020-10-19	4,43	0,00
2020-10-20	19,20	0,00
2020-10-21	0,00	0,00
2020-10-22	0,00	0,00
2020-10-23	0,00	0,00
2020-10-26	0,00	0,00
2020-10-27	0,00	0,00
2020-10-28	0,00	0,00
2020-10-29	0,00	0,00
2020-10-30	0,00	0,00
2020-11-02	6,41	0,00
2020-11-03	0,00	0,00
2020-11-04	0,00	0,00
2020-11-05	0,00	0,00
2020-11-06	0,00	0,00
2020-11-09	0,00	0,00
2020-11-10	0,00	0,00
2020-11-11	0,00	0,00
2020-11-12	0,00	0,00
2020-11-13	0,00	0,00
2020-11-16	0,00	0,00
2020-11-17	0,00	0,00
2020-11-18	16,32	0,00
2020-11-19	0,00	0,00
2020-11-20	0,00	0,00
2020-11-23	0,00	0,00
2020-11-24	0,00	0,00
2020-11-25	0,00	0,00
2020-11-26	0,00	0,00
2020-11-27	0,00	0,00
2020-11-30	0,00	0,00
2020-12-01	0,00	0,00
2020-12-02	0,00	0,00
2020-12-03	13,54	0,00
2020-12-04	0,00	0,00
2020-12-07	0,00	0,00
2020-12-08	0,00	0,00
2020-12-09	32,45	0,00
2020-12-10	0,00	0,00
2020-12-11	0,00	0,00
2020-12-14	0,00	0,00
2020-12-15	27,26	0,00
2020-12-16	0,00	0,00
2020-12-17	0,00	0,00
2020-12-18	0,00	0,00
2020-12-21	0,00	0,00
2020-12-22	11,17	0,00
2020-12-23	0,00	0,00
2020-12-24	0,00	0,00
2020-12-25	0,00	0,00
2020-12-28	0,00	0,00
2020-12-29	0,00	0,00
2020-12-30	0,00	0,00
2020-12-31	0,00	0,00
2021-01-01	0,00	0,00
2021-01-04	0,00	0,00
2021-01-05	0,00	0,00
2021-01-06	0,00	0,00
2021-01-07	0,00	0,00
2021-01-08	0,00	0,00
2021-01-11	0,00	0,00
2021-01-12	0,00	0,00
2021-01-13	0,00	0,00
2021-01-14	0,00	0,00
2021-01-15	0,00	0,00
2021-01-18	0,00	0,00
2021-01-19	0,00	0,00
2021-01-20	0,00	0,00
2021-01-21	0,00	0,00
2021-01-22	0,00	0,00
2021-01-25	0,00	0,00
2021-01-26	0,00	0,00
2021-01-27	0,00	0,00
2021-01-28	0,00	0,00
2021-01-29	0,00	0,00
2021-02-01	0,00	0,00
2021-02-02	0,00	0,00
2021-02-03	0,00	0,00
2021-02-04	0,00	0,00
2021-02-05	0,00	0,00
2021-02-08	0,00	0,00
2021-02-09	0,00	0,00
2021-02-10	0,00	0,00
2021-02-11	0,00	0,00
2021-02-12	0,00	0,00
2021-02-15	0,00	0,00
2021-02-16	0,00	0,00
2021-02-17	0,00	0,00
2021-02-18	0,00	0,00
2021-02-19	0,00	0,00
2021-02-22	176,11	0,00
2021-02-23	0,00	0,00
2021-02-24	0,00	0,00
2021-02-25	0,00	0,00
2021-02-26	0,00	0,00
2021-03-01	0,00	55314,56
2021-03-02	0,00	2154,81
2021-03-03	0,00	6,04
2021-03-04	0,00	0,00
2021-03-05	0,00	51,21
2021-03-08	0,00	590,24
2021-03-09	0,00	1611,99
2021-03-10	0,00	0,00
2021-03-11	0,00	0,00
2021-03-12	0,00	0,00
2021-03-15	0,00	0,00
2021-03-16	0,00	0,00
2021-03-17	0,00	0,00
2021-03-18	0,00	0,00
2021-03-19	0,00	0,00
2021-03-22	0,00	0,00
2021-03-23	0,00	0,00
2021-03-24	0,00	0,00
2021-03-25	0,00	0,00
2021-03-26	0,00	0,00
2021-03-29	0,00	0,00
2021-03-30	0,00	0,00
2021-03-31	0,00	0,00
2021-04-01	0,00	359,17
2021-04-02	0,00	16,54
2021-04-05	0,00	201,69
2021-04-06	0,00	11,98
2021-04-07	0,00	40,29
2021-04-08	0,00	95,68
2021-04-09	0,00	48,91
2021-04-12	0,00	0,00
2021-04-13	0,00	0,00
2021-04-14	0,00	0,00
2021-04-15	0,00	0,00
2021-04-16	0,00	0,00
2021-04-19	0,00	0,80
2021-04-20	0,00	0,00
2021-04-21	0,00	0,00
2021-04-22	0,00	22,85
2021-04-23	0,00	0,32
2021-04-26	0,00	22,72
2021-04-27	14,64	0,00
2021-04-28	0,00	0,00
2021-04-29	0,00	0,00
2021-04-30	0,00	0,00
2021-05-03	0,00	75,21
2021-05-04	0,00	0,00
2021-05-05	0,00	245,12
2021-05-06	0,00	35,24
2021-05-07	0,00	47,90
2021-05-10	0,00	0,70
2021-05-11	0,00	68,77
2021-05-12	0,00	1,77
2021-05-13	0,00	0,53
2021-05-14	0,00	4,62
2021-05-17	0,00	29,57
2021-05-18	0,00	0,00
2021-05-19	0,00	14,53
2021-05-20	0,00	6,99
2021-05-21	0,00	0,00
2021-05-24	0,00	0,00
2021-05-25	0,00	48,76
2021-05-26	0,00	0,00
2021-05-27	17,65	3,59
2021-05-28	0,00	0,00
2021-05-31	0,00	0,00
2021-06-01	0,00	45,40
2021-06-02	0,00	37,43
2021-06-03	0,00	2,74
2021-06-04	0,00	0,75
2021-06-07	8,05	77,45
2021-06-08	0,00	1678,14
2021-06-09	0,00	275,54
2021-06-10	11,23	19,63
2021-06-11	0,00	3,63
2021-06-14	0,00	0,00
2021-06-15	0,00	75,05
2021-06-16	0,00	33,33
2021-06-17	0,00	20,17
2021-06-18	0,00	11,27
2021-06-21	0,00	44043,92
2021-06-22	0,00	44094,47
2021-06-23	0,00	2692,04
2021-06-24	0,00	0,00
2021-06-25	18,63	117,04
2021-06-28	0,00	0,00
2021-06-29	0,00	20,06
2021-06-30	2,44	0,52
2021-07-01	0,00	14,01
2021-07-02	0,00	1,24
2021-07-05	0,00	0,00
2021-07-06	85,04	600,95
2021-07-07	0,00	70,95
2021-07-08	35,64	67,87
2021-07-09	3,18	8,62
2021-07-12	0,00	18226,87
2021-07-13	0,00	5,18
2021-07-14	6,04	8,05
2021-07-15	0,00	24,09
2021-07-16	0,00	26,25
2021-07-19	0,00	245,59
2021-07-20	0,00	0,97
2021-07-21	0,00	17,63
2021-07-22	0,00	5,30
2021-07-23	56,39	16,11
2021-07-26	4,03	62,18
2021-07-27	0,00	21,03
2021-07-28	0,00	10,12
2021-07-29	0,00	41,51
2021-07-30	0,00	26,18
2021-08-02	84,17	26557,86
2021-08-03	19,59	18,02
2021-08-04	0,30	12,52
2021-08-05	0,00	2,24
2021-08-06	0,00	4,78
2021-08-09	0,00	102,31
2021-08-10	23,59	19483,46
2021-08-11	0,00	3,75
2021-08-12	0,00	36,27
2021-08-13	0,00	10,02
2021-08-16	0,00	47,73
2021-08-17	0,00	16,24
2021-08-18	43,56	6,07
2021-08-19	0,00	106,01
2021-08-20	0,00	0,73
2021-08-23	0,00	46,27
2021-08-24	0,00	10,64
2021-08-25	0,00	0,85
2021-08-26	0,00	3,36
2021-08-27	0,00	0,86
2021-08-30	0,00	61,29
2021-08-31	52,08	0,00
2021-09-01	2,58	37,11
2021-09-02	0,00	0,53
2021-09-03	5,70	3,80
2021-09-06	1,07	41,56
2021-09-07	9,07	105,35
2021-09-08	0,00	99,48
2021-09-09	0,00	19,99
2021-09-10	0,00	90,79
2021-09-13	0,00	98,96
2021-09-14	0,00	218,34
2021-09-15	9,17	84,21
2021-09-16	0,00	3,04
2021-09-17	0,00	0,72
2021-09-20	0,00	65,85
2021-09-21	0,00	51,74
2021-09-22	0,00	157,57
2021-09-23	24,36	12,93
2021-09-24	21,71	5,28
2021-09-27	6,90	148,33
2021-09-28	0,00	6,10
2021-09-29	0,00	13,57
2021-09-30	0,00	11,74
2021-10-01	11,79	0,00
2021-10-04	0,00	7,38
2021-10-05	0,00	0,21
2021-10-06	14,58	1,61
2021-10-07	0,00	9,26
2021-10-08	0,00	2,69
2021-10-11	0,00	1,59
2021-10-12	0,00	0,00
2021-10-13	0,00	104,69
2021-10-14	0,00	0,00
2021-10-15	0,00	28,42
2021-10-18	0,00	11,14
2021-10-19	0,00	1,93
2021-10-20	0,00	0,33
2021-10-21	0,00	124,01
2021-10-22	0,00	0,00
2021-10-25	0,00	25,97
2021-10-26	0,00	5,25
2021-10-27	0,00	2,60
2021-10-28	0,00	49,54
2021-10-29	0,00	29,60
2021-11-01	0,00	0,00
2021-11-02	0,00	54,16
2021-11-03	0,00	4,39
2021-11-04	0,00	1,22
2021-11-05	0,00	404,42
2021-11-08	0,00	3,92
2021-11-09	0,00	20,78
2021-11-10	0,00	7,95
2021-11-11	0,00	1,84
2021-11-12	0,00	11,12
2021-11-15	0,00	37,50
2021-11-16	0,00	21,87
2021-11-17	0,00	49,72
2021-11-18	0,00	299,99
2021-11-19	0,00	2324,99
2021-11-22	0,00	0,00
2021-11-23	0,00	3362,79
2021-11-24	0,00	2,65
2021-11-25	0,00	3,95
2021-11-26	0,00	130,65
2021-11-29	0,00	47,70
2021-11-30	0,00	28,28
2021-12-01	0,00	0,00
2021-12-02	0,00	0,00
2021-12-03	0,00	0,00
2021-12-06	0,00	0,00
2021-12-07	0,00	0,00
2021-12-08	0,00	0,00
2021-12-09	0,00	0,00
2021-12-10	0,00	0,00
2021-12-13	0,00	0,00
2021-12-14	0,00	0,00
2021-12-15	0,00	0,00
2021-12-16	0,00	0,00
2021-12-17	0,00	0,00
2021-12-20	0,00	0,00
2021-12-21	0,00	0,00
2021-12-22	0,00	0,00
2021-12-23	0,00	0,00
2021-12-24	0,00	0,00
2021-12-27	0,00	0,00
2021-12-28	0,00	0,00
2021-12-29	0,00	0,00
2021-12-30	0,00	0,00
2021-12-31	0,00	0,00
